0 0.12022472033277154 0.381461666431278 0.06966292206197977 0.05347593454644084
0 0.29325842997059226 0.3698752139462158 0.11011236067861319 0.06595365260727704
0 0.47640449926257133 0.35204990243073553 0.16629213653504848 0.1016042756382376
0 0.7000000071711838 0.3484848401276395 0.12359550688415766 0.09090908872894943
0 0.8887640540488064 0.39661318121943623 0.22247191239148378 0.25133689236827195
0 0.18089887825772166 0.5588235160103068 0.06516853999346495 0.08021390181966126
0 0.3764044982381165 0.5650623750407249 0.06067415792495012 0.09982174448668957
0 0.3044943851418793 0.6497326047392562 0.07865168619900942 0.05169340339489281
0 0.3719101161696017 0.765597129589878 0.0741573041304946 0.06238859030418098
0 0.7865168619900942 0.7852049722569063 0.40449438616633415 0.06951871491037309
0 0.5337078706361353 0.63725488667842 0.11460674274712801 0.0766488395165652
0 0.6134831523522735 0.5320855487370864 0.040449438616633415 0.17647058400325477
