0 0.03308823594124988 0.7837302039843053 0.06323529535438865 0.11904762592166662
0 0.11764706112444401 0.6765873406548053 0.0500000009778887 0.055555558763444424
0 0.15220588532974944 0.5714286044239998 0.057352942298166454 0.08730159234255552
0 0.23970588704105467 0.47420637658797204 0.0852941193152219 0.11507937172427773
0 0.2882352997548878 0.6309524173848331 0.0500000009778887 0.055555558763444424
0 0.31985294743208215 0.5714286044239998 0.060294118826277554 0.0634920671582222
0 0.3713235366740264 0.4801587578840554 0.03676470660138875 0.07142857555299997
0 0.44632353814085945 0.45535716915037483 0.04852941271383315 0.06944444845430553
0 0.4977941273828037 0.3958333561895415 0.03676470660138875 0.03769841487519443
0 0.483823538874276 0.14384921465534717 0.026470588752999902 0.017857143888249993
0 0.3654411836178042 0.20634921826422215 0.027941177017055452 0.023809525184333324
0 0.18970588606316596 0.8025794114219025 0.0323529418092221 0.04960317746736109
0 0.0117647061124444 0.9057540205540136 0.0205882356967777 0.03373016067780554
0 0.013235294376499951 0.9841270409524441 0.0235294122248888 0.0317460335791111
