0 0.8502415344119072 0.8059006361290812 0.05797101370990276 0.1552795059978962
0 0.7608695549424738 0.2003105627372861 0.1980676301755011 0.08074534311890602
0 0.36231883568689227 0.29658385645598173 0.05797101370990276 0.04037267155945301
0 0.28743960964493454 0.3967391378246248 0.02898550685495138 0.045031056739389896
0 0.35024154116399586 0.47127330070361495 0.0531400959007442 0.029503106139600277
0 0.21980676031671464 0.8307453570887446 0.033816424664109945 0.09316770359873772
0 0.1533816404407844 0.8812111965380609 0.031400965759530663 0.07298136781901121
0 0.3514492706162855 0.8680124385282397 0.05072463699616492 0.02484472095966339
0 0.3538647295208648 0.7950310707092285 0.04106280137784779 0.018633540719747543
0 0.2886473390972242 0.6816770313307643 0.0265700479503721 0.03105590119957924
0 0.7246376713737845 0.6149068437516689 0.048309178091585636 0.03416149131953716
0 0.5809178665513173 0.8664596434682608 0.031400965759530663 0.021739130839705467
0 0.5905797021696344 0.9736025026068091 0.031400965759530663 0.018633540719747543
0 0.3393719760933891 0.6878882115706801 0.021739130141213536 0.02484472095966339
